{"version": 2, "target_name": "ChatGPT", "document_count": 161, "feature_names": ["type_token_ratio", "moving_average_ttr", "mtld_lexical_diversity", "hdd_lexical_diversity", "maas_lexical_diversity", "yule_characteristic_k", "lexical_density_content_word_ratio", "noun_density", "verb_density", "adjective_density", "adverb_density", "pronoun_density", "preposition_density", "noun_to_verb_ratio", "pos_sequence_compressibility", "mean_sentence_length_words", "stdev_sentence_length_words", "interrogative_sentence_ratio", "exclamatory_sentence_ratio", "comma_rate_per_1k", "semicolon_rate_per_1k", "colon_rate_per_1k", "dash_rate_per_1k", "ellipsis_rate_per_1k", "exclamation_rate_per_1k", "question_mark_rate_per_1k", "all_caps_word_ratio", "words_per_paragraph", "transition_word_rate_per_1k", "flesch_kincaid_grade", "gunning_fog_index", "smog_index", "lexical_entropy_bits"], "feature_means": {"type_token_ratio": 0.7454281274993436, "moving_average_ttr": 0.8710882306822366, "mtld_lexical_diversity": 152.66606783014217, "hdd_lexical_diversity": 0.8896235991849204, "maas_lexical_diversity": 0.011822988658754157, "yule_characteristic_k": 83.50223546643754, "lexical_density_content_word_ratio": 0.5900807998080532, "noun_density": 0.3026828206339139, "verb_density": 0.14265879690433478, "adjective_density": 0.10631119066824803, "adverb_density": 0.03842799160155658, "pronoun_density": 0.0793433876130678, "preposition_density": 0.06195659827424664, "noun_to_verb_ratio": 2.2106197130793936, "pos_sequence_compressibility": 2.8015086910690146, "mean_sentence_length_words": 14.299545181184529, "stdev_sentence_length_words": 11.203821723415002, "interrogative_sentence_ratio": 0.16401641452623805, "exclamatory_sentence_ratio": 0.0, "comma_rate_per_1k": 57.32126980802149, "semicolon_rate_per_1k": 0.07710895346838634, "colon_rate_per_1k": 21.9466020314472, "dash_rate_per_1k": 91.74802971759482, "ellipsis_rate_per_1k": 0.905490332089562, "exclamation_rate_per_1k": 0.06717929918918217, "question_mark_rate_per_1k": 16.260933271888096, "all_caps_word_ratio": 0.0010492167213083912, "words_per_paragraph": 25.21570484231165, "transition_word_rate_per_1k": 0.8171521816095201, "flesch_kincaid_grade": 7.52654338499718, "gunning_fog_index": 9.842551259856137, "smog_index": 10.219184722975134, "lexical_entropy_bits": 6.430798039827378}, "normalization_min": {"type_token_ratio": 0.5236768802228412, "moving_average_ttr": 0.7080341880341879, "mtld_lexical_diversity": 20.72, "hdd_lexical_diversity": 0.7494968226498473, "maas_lexical_diversity": 0.004086085712344183, "yule_characteristic_k": 27.97039799545481, "lexical_density_content_word_ratio": 0.5, "noun_density": 0.19117647058823528, "verb_density": 0.0687732342007435, "adjective_density": 0.05194805194805195, "adverb_density": 0.0, "pronoun_density": 0.0, "preposition_density": 0.0196078431372549, "noun_to_verb_ratio": 0.7272727272727273, "pos_sequence_compressibility": 1.1940298507462686, "mean_sentence_length_words": 3.5, "stdev_sentence_length_words": 0.0, "interrogative_sentence_ratio": 0.021739130434782608, "exclamatory_sentence_ratio": 0.0, "comma_rate_per_1k": 0.0, "semicolon_rate_per_1k": 0.0, "colon_rate_per_1k": 0.0, "dash_rate_per_1k": 0.0, "ellipsis_rate_per_1k": 0.0, "exclamation_rate_per_1k": 0.0, "question_mark_rate_per_1k": 2.7027027027027026, "all_caps_word_ratio": 0.0, "words_per_paragraph": 7.0, "transition_word_rate_per_1k": 0.0, "flesch_kincaid_grade": 3.6640768588137043, "gunning_fog_index": 4.888888888888889, "smog_index": 5.82211442006289, "lexical_entropy_bits": 3.4677201004744997}, "normalization_max": {"type_token_ratio": 0.9473684210526315, "moving_average_ttr": 0.9766197183098592, "mtld_lexical_diversity": 366.54545454545456, "hdd_lexical_diversity": 0.966519489151592, "maas_lexical_diversity": 0.02213338278192283, "yule_characteristic_k": 338.3264462809917, "lexical_density_content_word_ratio": 0.72, "noun_density": 0.43435754189944137, "verb_density": 0.28, "adjective_density": 0.23076923076923078, "adverb_density": 0.08181818181818182, "pronoun_density": 0.17333333333333334, "preposition_density": 0.12195121951219512, "noun_to_verb_ratio": 5.394736842105263, "pos_sequence_compressibility": 4.053667262969588, "mean_sentence_length_words": 90.5, "stdev_sentence_length_words": 77.5, "interrogative_sentence_ratio": 1.0, "exclamatory_sentence_ratio": 0.0, "comma_rate_per_1k": 175.57251908396947, "semicolon_rate_per_1k": 10.309278350515465, "colon_rate_per_1k": 68.18181818181819, "dash_rate_per_1k": 182.53968253968253, "ellipsis_rate_per_1k": 23.80952380952381, "exclamation_rate_per_1k": 5.524861878453039, "question_mark_rate_per_1k": 83.33333333333334, "all_caps_word_ratio": 0.038461538461538464, "words_per_paragraph": 45.25, "transition_word_rate_per_1k": 18.867924528301888, "flesch_kincaid_grade": 22.036666666666665, "gunning_fog_index": 24.66666666666667, "smog_index": 20.267338824336647, "lexical_entropy_bits": 7.695812872308359}, "normalized_feature_mean": {"type_token_ratio": 0.5233789818937804, "moving_average_ttr": 0.6070842404678074, "mtld_lexical_diversity": 0.3815394907918772, "hdd_lexical_diversity": 0.6456780703777155, "maas_lexical_diversity": 0.42870147904040695, "yule_characteristic_k": 0.17892945144053324, "lexical_density_content_word_ratio": 0.4094581809456964, "noun_density": 0.45853219349864766, "verb_density": 0.34979261470021245, "adjective_density": 0.3040083902732752, "adverb_density": 0.4696754529079141, "pronoun_density": 0.4577503131523146, "preposition_density": 0.4137908737918219, "noun_to_verb_ratio": 0.3178057611825661, "pos_sequence_compressibility": 0.5621268044164243, "mean_sentence_length_words": 0.12413270323200612, "stdev_sentence_length_words": 0.1445654415924515, "interrogative_sentence_ratio": 0.1454390015157099, "exclamatory_sentence_ratio": 0.0, "comma_rate_per_1k": 0.3264820149935137, "semicolon_rate_per_1k": 0.007479568486433475, "colon_rate_per_1k": 0.3218834964612253, "dash_rate_per_1k": 0.5026196410616063, "ellipsis_rate_per_1k": 0.0380305939477616, "exclamation_rate_per_1k": 0.012159453153241974, "question_mark_rate_per_1k": 0.1681523567798412, "all_caps_word_ratio": 0.027279634754018175, "words_per_paragraph": 0.47622757757677503, "transition_word_rate_per_1k": 0.043309065625304545, "flesch_kincaid_grade": 0.21022983512822704, "gunning_fog_index": 0.2504660749365465, "smog_index": 0.30439612288829004, "lexical_entropy_bits": 0.700807219532152}, "covariance_matrix": [[0.0435876509773259, 0.01641499163300458, 0.0018341883082382436, 0.01023964933216815, -0.02644898645974203, -0.0038574996788051995, 0.014416350785868942, -0.005121024977193052, 0.006613666010555231, 0.014334296625021451, 0.005581576140697117, 0.009747990792027246, 0.0011360022129490055, -0.006914192850554299, -0.030946871878253235, -0.001779113436665271, -0.00538857685296156, 0.00806529562586556, 0.0, 0.009157120845035427, 0.0008865278618612164, -0.010247172978260426, -0.004957018078956595, -8.614319336654766e-05, -0.0006349401658414438, 0.006938959030172271, -0.0004014416562378852, -0.007650385749957741, 0.00272334735580172, 0.005784830861417094, 0.006855849627534276, 0.006657731965053907, -0.023483854387851492], [0.01641499163300458, 0.022608934160875498, 0.013673218564155537, 0.017912944595666738, -0.01946534558178584, -0.012007339458673003, 0.006172467811409027, 0.002526585206733743, -0.001816137572077645, 0.0025225855428196013, 0.008262837810695594, -0.0020077093175811514, -0.005397483703247569, 0.0020152036204079994, -0.0037248851558641266, -0.002016455663925312, -0.00012162906133497585, -0.0014233359149114118, 0.0, 0.005549499497045238, 0.0020109457825323303, 0.0013980686444686164, 0.0061617775386128915, 0.0006266771616388585, -0.00013138190534725753, -0.001225575787733569, -0.0006628436396470267, -0.0019766050881304203, -0.00026721719826449487, 0.002866535376099936, 0.003114259903890055, 0.0032668724636221802, 0.0013229253427880115], [0.0018341883082382436, 0.013673218564155537, 0.02009547598200648, 0.014825963648875857, -0.012719287360776335, -0.011426102651661415, -0.000961800718035775, 0.006142021519718914, -0.005972694508483359, -0.0051923659851555405, 0.005926291791698998, -0.00700493439507274, -0.006230266156232539, 0.006472500840984087, 0.01040317850950196, -0.0002373432137321924, 0.003544061422097322, -0.005665244376972288, 0.0, 0.0019744687853195803, 8.341883838031356e-05, 0.00338157973717445, 0.011220645427195287, 0.0013667466769335078, 0.0005477415452702191, -0.006673654963048202, -8.639583371415612e-05, 0.0025911489834467886, -0.00010781333736461623, 0.0012393218429413867, 0.0006214137317674844, 0.00032274491928123173, 0.013133566408927612], [0.01023964933216815, 0.017912944595666738, 0.014825963648875857, 0.019481815869891443, -0.017685189333218606, -0.014179187377508708, 0.006304731893949195, 0.005973675016374353, -0.004029412792774922, 0.0011394726620337129, 0.007109841617395522, -0.004720821497449333, -0.0069247566086693725, 0.004438326302959562, 0.0019865292284330783, -0.0018393979052859556, 0.0009168942013381568, -0.002207807828312707, 0.0, 0.0024848952414570644, 0.0008266483297759219, 0.002511567182617242, 0.008457911933336443, 0.0011543384558765307, -0.0003240189182160295, -0.0018306700468588848, -0.00038138632933187633, -0.0029026773579226674, 0.0005323050004624399, 0.0027424887604729714, 0.0028928542242272395, 0.002931079610836598, 0.006357898958714298], [-0.02644898645974203, -0.01946534558178584, -0.012719287360776335, -0.017685189333218606, 0.027063962297724897, 0.013092587768393447, -0.00871801824528796, -0.00037085059392726483, -0.002050473539077458, -0.0044461477346025334, -0.00732844317461296, -0.002977275992451099, 0.003630888823309809, 0.0017018252409859306, 0.010650857099632568, 0.0010625793825816295, 0.000841437598405792, -0.002319929641771167, 0.0, -0.003836347801959018, -0.000919639718183277, 0.0024573629278785932, -0.005682754564524682, -0.0015163504786673907, 2.3330863345724557e-05, -0.00015130027500243146, 0.0004834698394673056, 0.0037083678141519184, -0.0018680442852023632, -0.0038087890758704435, -0.003947319481431426, -0.003713208162694345, 0.0038096015850799174], [-0.0038574996788051995, -0.012007339458673003, -0.011426102651661415, -0.014179187377508708, 0.013092587768393447, 0.015563277392064185, -0.0030122872560312576, -0.005132949335892541, 0.00259827551360066, 0.0027241475348523097, -0.005505227257404759, 0.003751638718145177, 0.0048476660299747905, -0.0034133909468837507, -0.0048516015268467855, 0.0007733244320819195, -0.0012761989895815192, 0.0021382925965816326, 0.0, 0.0005501375694514528, -0.0006079945389730805, -0.004426790196211143, -0.009247884402751127, -0.000742474610977354, 3.6251578217235494e-05, 0.0036147166116564933, -0.0001106509342068281, 0.0002945050111607764, -0.0016463338886890588, -0.0009161810096629841, -0.0001526795480979647, -0.00025313511329982073, -0.008834965613999695], [0.014416350785868942, 0.006172467811409027, -0.000961800718035775, 0.006304731893949195, -0.00871801824528796, -0.0030122872560312576, 0.03627599903938922, 0.02258827872233104, -0.0018271360813539809, 0.015877821226465548, 0.00041955596471641537, -0.008673677926397937, -0.0074075539697129105, 0.009208211268274341, -0.0059117118570138575, 0.0010228512413982713, 0.0008763932334018602, 0.0051748845067059, 0.0, 0.002413386503804984, 0.001748751802806798, -0.0033175450799298907, 0.0021489417082565933, -0.0021589776319962247, 0.0013709980362820512, 0.005252460935205678, -0.0001917156241302977, -0.0003622500563474227, 0.006094787243660811, 0.00896622137793026, 0.01019369924168772, 0.010370807211066788, -0.008167843850100857], [-0.005121024977193052, 0.002526585206733743, 0.006142021519718914, 0.005973675016374353, -0.00037085059392726483, -0.005132949335892541, 0.02258827872233104, 0.04335671746100577, -0.01738092523544969, -0.005530170544716941, -0.011169686511141487, -0.019979414809074343, -0.012132829155006682, 0.02791843786032317, 0.016033002754864467, 0.0017924427583821678, 0.005746092071446235, 0.001084276140745946, 0.0, 0.005906275328030641, 0.001946152890161754, 0.004558336995517233, 0.015313292249366329, -0.002225222844276432, -0.0007662035109071304, 0.00237602911549855, 0.003739600960084682, 0.0038732190452321243, 0.003377233937998283, 0.008134341971830973, 0.008577382578334545, 0.007932433434358446, 0.008486558562282188], [0.006613666010555231, -0.001816137572077645, -0.005972694508483359, -0.004029412792774922, -0.002050473539077458, 0.00259827551360066, -0.0018271360813539809, -0.01738092523544969, 0.01934273237202748, -0.00010539264409509663, -0.002959174564732458, 0.014462159522930047, 0.006542874283272726, -0.01865791200051167, -0.01011736310761477, 0.00048801775832779063, -0.0032044368274397796, 0.0033420205941485366, 0.0, -0.005297500499756077, -0.00025560964001187375, -0.00597070271875608, -0.008431610243293301, 0.001299511839184311, 0.0008697137147197448, 0.0002077627784413967, -0.0014621829564929302, -0.00204855223953165, -0.00011238640487558272, -0.003600463498478695, -0.002788706746834226, -0.001922954547147096, -0.007568142163112994], [0.014334296625021451, 0.0025225855428196013, -0.0051923659851555405, 0.0011394726620337129, -0.0044461477346025334, 0.0027241475348523097, 0.015877821226465548, -0.005530170544716941, -0.00010539264409509663, 0.026284546911087843, 0.0019553300720592764, -0.0006659691601502047, -0.0014772887101477143, -0.0025380688189238884, -0.014842134930723339, -0.0007570722175194266, -0.0024499034583086335, 0.003624601166582541, 0.0, 0.0002880114833072675, -0.0007137120166744033, -0.0030707899772007053, -0.006431626981392558, -0.00022672704058226113, 0.0015250878195597678, 0.005341380426780228, -0.0018001456567311631, -0.003181641806780671, 0.0027830455405820145, 0.004444225336118944, 0.005039260056168369, 0.0054366536820359855, -0.013290762724356834], [0.005581576140697117, 0.008262837810695594, 0.005926291791698998, 0.007109841617395522, -0.00732844317461296, -0.005505227257404759, 0.00041955596471641537, -0.011169686511141487, -0.002959174564732458, 0.0019553300720592764, 0.037692857748346124, 0.00017967352833594564, 0.0024805348740886586, -0.0045041123431810584, -0.004990986521074669, -0.0021824335315977746, -0.0010948283225946658, -0.0058578727378098445, 0.0, 0.0019814912765027033, 0.0011375988993103552, -0.0003430372377054998, -0.003911633708456201, -0.0020507799901483405, 0.0003852559550381302, -0.00514923327381419, -0.003921148730463367, -0.0002436447033360776, 0.000557887721553158, -0.0004859145544820701, -0.0018983576089905661, -0.00260882630224025, 0.001400275556559748], [0.009747990792027246, -0.0020077093175811514, -0.00700493439507274, -0.004720821497449333, -0.002977275992451099, 0.003751638718145177, -0.008673677926397937, -0.019979414809074343, 0.014462159522930047, -0.0006659691601502047, 0.00017967352833594564, 0.024991393672404733, 0.0061160176020423505, -0.0173258640895568, -0.013343292891985818, -0.00045388057694264084, -0.0026424899095383735, 0.0031872026388888985, 0.0, -0.00284111435309993, -0.00039704127508506296, -0.005528851340879754, -0.0095852177428826, 0.0013229804714999082, 0.0012661524854363521, 0.0034054477941812262, -0.0008237059902929498, -0.0026150544721532994, 3.368282409984882e-05, -0.0061303177227431385, -0.00493425097387094, -0.005133137772015803, -0.01066879704187923], [0.0011360022129490055, -0.005397483703247569, -0.006230266156232539, -0.0069247566086693725, 0.003630888823309809, 0.0048476660299747905, -0.0074075539697129105, -0.012132829155006682, 0.006542874283272726, -0.0014772887101477143, 0.0024805348740886586, 0.0061160176020423505, 0.025191242646486187, -0.008733862102482401, -0.0071793669657549495, 0.0010450346757488649, -0.0022294316046900524, -0.00011418425810749091, 0.0, -0.0030824677951682153, -0.0006649526854313147, -0.005924890136261065, -0.010276829642959909, 0.0005760712728266285, -0.001123665546769535, -0.003845195249863433, -0.0006051837574107547, 0.0016400181819255196, -0.0022290738285895835, 0.0019076172244871647, 0.0009578181961839513, 0.001854611074305741, -0.005396579177577494], [-0.006914192850554299, 0.0020152036204079994, 0.006472500840984087, 0.004438326302959562, 0.0017018252409859306, -0.0034133909468837507, 0.009208211268274341, 0.02791843786032317, -0.01865791200051167, -0.0025380688189238884, -0.0045041123431810584, -0.0173258640895568, -0.008733862102482401, 0.025036722972410677, 0.013584821758655372, 0.0017873105045075747, 0.004672661477522242, -0.0005683214722176757, 0.0, 0.005589719624471865, 0.0006804298783296151, 0.006759643479813535, 0.01143646295720548, -0.001974981267374503, -0.001035966666840404, -0.00045371810665480324, 0.003413108661738095, 0.003539391188650669, 0.0016272129936579717, 0.007538933497278701, 0.006874772080697482, 0.0059525457029247116, 0.008487763731809254], [-0.030946871878253235, -0.0037248851558641266, 0.01040317850950196, 0.0019865292284330783, 0.010650857099632568, -0.0048516015268467855, -0.0059117118570138575, 0.016033002754864467, -0.01011736310761477, -0.014842134930723339, -0.004990986521074669, -0.013343292891985818, -0.0071793669657549495, 0.013584821758655372, 0.03339868250707523, 0.001987930906919769, 0.00772675408575324, -0.008506448380257305, 0.0, -0.0045141892532647, 0.0005154047405435559, 0.0095117640566404, 0.014761728661477257, 0.0004866079129863098, 0.0011610984065648607, -0.008582867331827802, 0.0004603961872222548, 0.007766551576898788, -0.0008148810466800329, -0.002472321767232973, -0.003280075747723559, -0.00356642253229799, 0.026511226696539544], [-0.001779113436665271, -0.002016455663925312, -0.0002373432137321924, -0.0018393979052859556, 0.0010625793825816295, 0.0007733244320819195, 0.0010228512413982713, 0.0017924427583821678, 0.00048801775832779063, -0.0007570722175194266, -0.0021824335315977746, -0.00045388057694264084, 0.0010450346757488649, 0.0017873105045075747, 0.001987930906919769, 0.014160299435000032, 0.013408114673471026, 0.007700802821089189, 0.0, 0.0015525387538422777, 2.1136929610506698e-05, 0.006514454216028253, 0.0010928881545969802, -0.0002552311640695153, 0.00021801385200454724, -0.0016150080199569625, 0.0005123704629735697, 0.0017594774182366152, -0.00032942017069566325, 0.009361050219555946, 0.00855773791913792, 0.00635666731330024, 0.0007339069417706105], [-0.00538857685296156, -0.00012162906133497585, 0.003544061422097322, 0.0009168942013381568, 0.000841437598405792, -0.0012761989895815192, 0.0008763932334018602, 0.005746092071446235, -0.0032044368274397796, -0.0024499034583086335, -0.0010948283225946658, -0.0026424899095383735, -0.0022294316046900524, 0.004672661477522242, 0.00772675408575324, 0.013408114673471026, 0.021126316881654002, 0.003220665233535697, 0.0, 0.0003196900276527927, -4.7317353410453156e-06, 0.009621272319276128, 0.00487370626703517, 0.001982630174228737, 0.00024237299465303285, -0.0008894714212435264, 0.0002169086962045752, 0.00171295520567819, -0.0008577753802960372, 0.008506094496594105, 0.007634158295084114, 0.005503222442877851, 0.005494234577275923], [0.00806529562586556, -0.0014233359149114118, -0.005665244376972288, -0.002207807828312707, -0.002319929641771167, 0.0021382925965816326, 0.0051748845067059, 0.001084276140745946, 0.0033420205941485366, 0.003624601166582541, -0.0058578727378098445, 0.0031872026388888985, -0.00011418425810749091, -0.0005683214722176757, -0.008506448380257305, 0.007700802821089189, 0.003220665233535697, 0.022639601648029396, 0.0, 0.0008910698090809086, -0.00024581381062798455, 0.0015028237196480002, -0.0032537540663288367, -0.0015743132231188777, -0.0009754887489140838, 0.01583020234737237, 0.0013681301898056388, -0.0019348889013603061, -0.0002701484038324262, 0.006265227285101581, 0.0065583898528106845, 0.005400278319175805, -0.008608825297868118], [0.0, 0.0, 0.0, 0.0, 0.0, 0.0, 0.0, 0.0, 0.0, 0.0, 0.0, 0.0, 0.0, 0.0, 0.0, 0.0, 0.0, 0.0, 0.0, 0.0, 0.0, 0.0, 0.0, 0.0, 0.0, 0.0, 0.0, 0.0, 0.0, 0.0, 0.0, 0.0, 0.0], [0.009157120845035427, 0.005549499497045238, 0.0019744687853195803, 0.0024848952414570644, -0.003836347801959018, 0.0005501375694514528, 0.002413386503804984, 0.005906275328030641, -0.005297500499756077, 0.0002880114833072675, 0.0019814912765027033, -0.00284111435309993, -0.0030824677951682153, 0.005589719624471865, -0.0045141892532647, 0.0015525387538422777, 0.0003196900276527927, 0.0008910698090809086, 0.0, 0.025500605078774503, 0.001977566912097248, 0.004732057065699423, -0.0018510270655995248, -0.003576660556514947, -0.0015193903458286155, -0.0021190144759574616, -0.0009342432084654492, 0.006353275293062681, -0.003463676909444999, 0.007702444192939692, 0.007477552652829698, 0.005995689795722109, -0.004331518318198947], [0.0008865278618612164, 0.0020109457825323303, 8.341883838031356e-05, 0.0008266483297759219, -0.000919639718183277, -0.0006079945389730805, 0.001748751802806798, 0.001946152890161754, -0.00025560964001187375, -0.0007137120166744033, 0.0011375988993103552, -0.00039704127508506296, -0.0006649526854313147, 0.0006804298783296151, 0.0005154047405435559, 2.1136929610506698e-05, -4.7317353410453156e-06, -0.00024581381062798455, 0.0, 0.001977566912097248, 0.006454343524715621, -2.0244841330196975e-05, 0.0018212551580668983, -0.0002862302597120987, -9.151588425861072e-05, -0.000518786039020105, -0.00020531514578024386, 5.7459063248849124e-05, -0.0003259577044430819, 0.000585808046262952, 0.0006508027453164609, 0.0006546313381350412, -8.463685233828759e-05], [-0.010247172978260426, 0.0013980686444686164, 0.00338157973717445, 0.002511567182617242, 0.0024573629278785932, -0.004426790196211143, -0.0033175450799298907, 0.004558336995517233, -0.00597070271875608, -0.0030707899772007053, -0.0003430372377054998, -0.005528851340879754, -0.005924890136261065, 0.006759643479813535, 0.0095117640566404, 0.006514454216028253, 0.009621272319276128, 0.0015028237196480002, 0.0, 0.004732057065699423, -2.0244841330196975e-05, 0.05994255924417914, 0.005721782704707853, -0.0027687405843778877, -5.468927465645728e-05, -0.0017256778134403347, 0.0017252499727429833, 0.00574032938336676, -0.0013998687362186946, 0.007195405064066034, 0.0038802559282631356, 0.0015159545744469062, 0.009182714454665649], [-0.004957018078956595, 0.0061617775386128915, 0.011220645427195287, 0.008457911933336443, -0.005682754564524682, -0.009247884402751127, 0.0021489417082565933, 0.015313292249366329, -0.008431610243293301, -0.006431626981392558, -0.003911633708456201, -0.0095852177428826, -0.010276829642959909, 0.01143646295720548, 0.014761728661477257, 0.0010928881545969802, 0.00487370626703517, -0.0032537540663288367, 0.0, -0.0018510270655995248, 0.0018212551580668983, 0.005721782704707853, 0.03243792407284749, -0.0010076770865575112, 0.0006780194667317602, -0.004186569739810959, 0.003079033989651047, -0.0009397897168534642, 0.003530416524281611, 0.0001487985104772686, -0.000679040417355707, -0.0011600896267849315, 0.012889906598888237], [-8.614319336654766e-05, 0.0006266771616388585, 0.0013667466769335078, 0.0011543384558765307, -0.0015163504786673907, -0.000742474610977354, -0.0021589776319962247, -0.002225222844276432, 0.001299511839184311, -0.00022672704058226113, -0.0020507799901483405, 0.0013229804714999082, 0.0005760712728266285, -0.001974981267374503, 0.0004866079129863098, -0.0002552311640695153, 0.001982630174228737, -0.0015743132231188777, 0.0, -0.003576660556514947, -0.0002862302597120987, -0.0027687405843778877, -0.0010076770865575112, 0.01595807153485978, -0.0004653214206571361, 0.0003299851393945488, 0.00014756407531585055, -0.004094021208818971, -0.0015332338249606308, -0.003182311768513007, -0.002267795070000881, -0.001649130986928404, 0.0005098352492787652], [-0.0006349401658414438, -0.00013138190534725753, 0.0005477415452702191, -0.0003240189182160295, 2.3330863345724557e-05, 3.6251578217235494e-05, 0.0013709980362820512, -0.0007662035109071304, 0.0008697137147197448, 0.0015250878195597678, 0.0003852559550381302, 0.0012661524854363521, -0.001123665546769535, -0.001035966666840404, 0.0011610984065648607, 0.00021801385200454724, 0.00024237299465303285, -0.0009754887489140838, 0.0, -0.0015193903458286155, -9.151588425861072e-05, -5.468927465645728e-05, 0.0006780194667317602, -0.0004653214206571361, 0.011833320987828204, 0.000388283127065798, -0.0003337785998342169, 0.0020164162078135537, 0.0011485535540757647, -0.001518385861522804, -0.0011462265026876604, -0.0011372420777878045, 0.0007123763416010762], [0.006938959030172271, -0.001225575787733569, -0.006673654963048202, -0.0018306700468588848, -0.00015130027500243146, 0.0036147166116564933, 0.005252460935205678, 0.00237602911549855, 0.0002077627784413967, 0.005341380426780228, -0.00514923327381419, 0.0034054477941812262, -0.003845195249863433, -0.00045371810665480324, -0.008582867331827802, -0.0016150080199569625, -0.0008894714212435264, 0.01583020234737237, 0.0, -0.0021190144759574616, -0.000518786039020105, -0.0017256778134403347, -0.004186569739810959, 0.0003299851393945488, 0.000388283127065798, 0.028350850891488918, 0.0001071606703162675, -0.005696262697735131, -0.0009986858083035214, -0.0033441941547696086, -0.0018284300109429276, -0.001528264639928565, -0.009806674555008572], [-0.0004014416562378852, -0.0006628436396470267, -8.639583371415612e-05, -0.00038138632933187633, 0.0004834698394673056, -0.0001106509342068281, -0.0001917156241302977, 0.003739600960084682, -0.0014621829564929302, -0.0018001456567311631, -0.003921148730463367, -0.0008237059902929498, -0.0006051837574107547, 0.003413108661738095, 0.0004603961872222548, 0.0005123704629735697, 0.0002169086962045752, 0.0013681301898056388, 0.0, -0.0009342432084654492, -0.00020531514578024386, 0.0017252499727429833, 0.003079033989651047, 0.00014756407531585055, -0.0003337785998342169, 0.0001071606703162675, 0.010101500910090544, 0.0013747108389622624, 0.0020996186216326136, 0.0029396209270094132, 0.002802316556685089, 0.0030421049544136635, 9.10900528681829e-05], [-0.007650385749957741, -0.0019766050881304203, 0.0025911489834467886, -0.0029026773579226674, 0.0037083678141519184, 0.0002945050111607764, -0.0003622500563474227, 0.0038732190452321243, -0.00204855223953165, -0.003181641806780671, -0.0002436447033360776, -0.0026150544721532994, 0.0016400181819255196, 0.003539391188650669, 0.007766551576898788, 0.0017594774182366152, 0.00171295520567819, -0.0019348889013603061, 0.0, 0.006353275293062681, 5.7459063248849124e-05, 0.00574032938336676, -0.0009397897168534642, -0.004094021208818971, 0.0020164162078135537, -0.005696262697735131, 0.0013747108389622624, 0.04192227386747924, -0.0029266885040543297, 0.004862286748032411, 0.0031419442096606016, 0.002415919044593427, 0.0070030992343564835], [0.00272334735580172, -0.00026721719826449487, -0.00010781333736461623, 0.0005323050004624399, -0.0018680442852023632, -0.0016463338886890588, 0.006094787243660811, 0.003377233937998283, -0.00011238640487558272, 0.0027830455405820145, 0.000557887721553158, 3.368282409984882e-05, -0.0022290738285895835, 0.0016272129936579717, -0.0008148810466800329, -0.00032942017069566325, -0.0008577753802960372, -0.0002701484038324262, 0.0, -0.003463676909444999, -0.0003259577044430819, -0.0013998687362186946, 0.003530416524281611, -0.0015332338249606308, 0.0011485535540757647, -0.0009986858083035214, 0.0020996186216326136, -0.0029266885040543297, 0.019136494462450113, 0.0010850172901511082, 0.000815139607179979, 0.000588949482674574, -0.0007929677442738977], [0.005784830861417094, 0.002866535376099936, 0.0012393218429413867, 0.0027424887604729714, -0.0038087890758704435, -0.0009161810096629841, 0.00896622137793026, 0.008134341971830973, -0.003600463498478695, 0.004444225336118944, -0.0004859145544820701, -0.0061303177227431385, 0.0019076172244871647, 0.007538933497278701, -0.002472321767232973, 0.009361050219555946, 0.008506094496594105, 0.006265227285101581, 0.0, 0.007702444192939692, 0.000585808046262952, 0.007195405064066034, 0.0001487985104772686, -0.003182311768513007, -0.001518385861522804, -0.0033441941547696086, 0.0029396209270094132, 0.004862286748032411, 0.0010850172901511082, 0.020999878384160484, 0.02011661317358537, 0.018423393335982655, -0.002347022697553885], [0.006855849627534276, 0.003114259903890055, 0.0006214137317674844, 0.0028928542242272395, -0.003947319481431426, -0.0001526795480979647, 0.01019369924168772, 0.008577382578334545, -0.002788706746834226, 0.005039260056168369, -0.0018983576089905661, -0.00493425097387094, 0.0009578181961839513, 0.006874772080697482, -0.003280075747723559, 0.00855773791913792, 0.007634158295084114, 0.0065583898528106845, 0.0, 0.007477552652829698, 0.0006508027453164609, 0.0038802559282631356, -0.000679040417355707, -0.002267795070000881, -0.0011462265026876604, -0.0018284300109429276, 0.002802316556685089, 0.0031419442096606016, 0.000815139607179979, 0.02011661317358537, 0.021156433988806074, 0.019648122373291277, -0.0036497353424534773], [0.006657731965053907, 0.0032668724636221802, 0.00032274491928123173, 0.002931079610836598, -0.003713208162694345, -0.00025313511329982073, 0.010370807211066788, 0.007932433434358446, -0.001922954547147096, 0.0054366536820359855, -0.00260882630224025, -0.005133137772015803, 0.001854611074305741, 0.0059525457029247116, -0.00356642253229799, 0.00635666731330024, 0.005503222442877851, 0.005400278319175805, 0.0, 0.005995689795722109, 0.0006546313381350412, 0.0015159545744469062, -0.0011600896267849315, -0.001649130986928404, -0.0011372420777878045, -0.001528264639928565, 0.0030421049544136635, 0.002415919044593427, 0.000588949482674574, 0.018423393335982655, 0.019648122373291277, 0.019782802725548013, -0.003784351332024498], [-0.023483854387851492, 0.0013229253427880115, 0.013133566408927612, 0.006357898958714298, 0.0038096015850799174, -0.008834965613999695, -0.008167843850100857, 0.008486558562282188, -0.007568142163112994, -0.013290762724356834, 0.001400275556559748, -0.01066879704187923, -0.005396579177577494, 0.008487763731809254, 0.026511226696539544, 0.0007339069417706105, 0.005494234577275923, -0.008608825297868118, 0.0, -0.004331518318198947, -8.463685233828759e-05, 0.009182714454665649, 0.012889906598888237, 0.0005098352492787652, 0.0007123763416010762, -0.009806674555008572, 9.10900528681829e-05, 0.0070030992343564835, -0.0007929677442738977, -0.002347022697553885, -0.0036497353424534773, -0.003784351332024498, 0.024850915391157167]], "inverse_covariance_matrix": [[1202.8433166986526, -25.747363313038168, -331.4695272022762, 98.80694487552654, 819.9456266256509, -6.864906668728398, -28.3254456033644, -27.98925410880066, -24.879496878878893, 21.52104665367065, 24.2202338277922, 33.589673129384245, -29.45488817805873, -47.3484014127264, 300.4116379082368, 77.0992810631814, -56.92254511542479, -15.925625902843063, 3.5895988226259827e-13, -81.82553281866124, -12.593905787413329, 17.178782774352054, -28.294775643353535, 48.07686039669853, -9.280764193076097, 37.993901021236915, 14.775916157217814, -10.844110317837133, -45.817303835973995, 78.68561029202907, -103.04615537847613, 67.39845671524478, 883.5272019584985], [-25.747363313041777, 255.95016794730674, -36.1178955022715, -202.10363656547776, 14.041613404699012, -15.291518452323592, 0.4756417494034818, 36.28385501857729, -46.667295665300536, 10.350311615654046, -8.706848848478126, 14.849823259725994, -1.3447506359935357, -60.44437056281866, 2.235620316264782, 8.4969030886831, -18.77847594739104, 5.690755746774982, -1.0612674230299622e-14, -18.089695916725976, -45.735152320685, -7.313447071490386, -5.400410106325147, 7.5070269451012575, -4.008647388511952, -1.4723765480213198, 1.4585491639602512, -10.194212594456987, 4.147165195912914, 45.785421639747774, 21.48239199157817, -48.40308861691996, 39.7263252367356], [-331.46952720227034, -36.11789550227311, 407.74032033356485, -102.7478061435401, -73.07842806930884, -124.30370503000897, 18.53447366621535, 32.24897307370676, -15.421989989766452, 0.6399781078039538, -7.59806894140506, 13.833532476558227, 9.928773353648237, -60.77511709345436, -22.12334850346001, -40.43647955047244, -2.6077526006503424, 29.239215234735305, -1.175027151346124e-13, 6.385882579597241, 27.660852037934355, 3.2447868664331656, 3.268213399466053, -17.702768586080015, -7.884344889059474, -13.425043321894185, -8.844153614659026, -2.868930641255621, 6.611247332924235, 8.301052162307474, 30.462649142057128, -26.419168667931583, -482.10585779955034], [98.80694487552714, -202.10363656547662, -102.74780614354144, 596.7269898860909, 170.98098117059587, 183.0696804896218, -22.684241798967847, -23.318530803893943, 40.553345747204894, -44.99649916172738, 1.9612641268629105, -10.220465165772497, 11.24337908726058, 33.399236850827386, 42.80889485486567, 35.267232857745725, 8.324642281744067, 22.430764265043603, 1.725916165381311e-13, -10.006551991843887, 20.958022932962667, 2.888089561168189, 16.67534169240611, 2.198102371166777, 19.98986479363044, -34.45925182532679, -5.396042067951132, 39.05211191742227, 16.79012875837672, 44.98033199171646, -135.92439290922212, 37.46314681296522, -66.87863717038756], [819.9456266256558, 14.041613404701545, -73.0784280693148, 170.980981170596, 871.69336574016, -111.32309162507727, -3.8937376673338018, 7.712019445469423, -20.28738825842109, 3.467204446771194, 11.405660253979306, 66.38483634998698, -18.34801786345969, -75.9950143318651, 145.15415269563738, 26.603554442621693, -39.32453176136859, 30.535907366694165, 3.0863835917653037e-13, -65.70923570553485, -6.857187438734689, 5.503061216095662, 7.6930919662020685, 50.48659672407914, 0.7655455691327486, 0.7654199501431924, -8.397692027120643, -1.3471198553899508, -29.696535901753997, 122.15064968975516, -74.32073014181556, -1.4511376855167177, 482.5965438130021], [-6.864906668728143, -15.291518452321988, -124.30370503000974, 183.06968048961966, -111.32309162507816, 391.6294523079396, 23.117078257609716, 7.374219911679958, 28.057721067523513, -12.400670143722724, -5.09119972835688, 17.8201623164301, 4.805871688058974, 66.98798733405282, -219.09596752794783, 20.12944609444765, 7.356565413034137, 5.34369125361174, 1.5622974107329424e-13, 2.0348010579110642, 13.303727129295309, 5.40729338221466, 16.311967267003517, 5.501743741448765, 5.04373759043575, -7.3777275763052375, -3.095171542367503, 0.23467415172671827, 13.291028120906292, 15.219149038062696, -106.19115563083324, 51.883565597458585, 376.822859590097], [-28.325445603367, 0.4756417494032999, 18.534473666215977, -22.684241798967758, -3.8937376673361976, 23.117078257610288, 49.68692516687468, -10.560411295407295, 56.33091310027779, 8.522274374298766, 0.9369058169524038, 19.388053506143237, 13.66894394180067, 58.81910414024642, -89.36656048928398, -9.299417625002578, 8.155901534687027, -6.7144375636943945, 7.156987937152301e-15, 19.080328770820074, -0.06215823137377013, 0.11485563437733158, 7.606703996832446, 3.158906057911935, -6.107800980735401, 8.827398184470823, 9.05108415949924, -8.976176378217541, -9.933173993568536, -11.668361179600584, 25.339822229850807, -32.94509705673528, 105.02673187127], [-27.989254108795375, 36.2838550185775, 32.24897307370539, -23.318530803894127, 7.712019445473875, 7.374219911679319, -10.560411295407297, 133.34248906034452, -159.36828417304815, -2.5009208019495976, -7.817272016847569, 33.915221719446194, -6.9148772581327025, -234.3779728578134, -19.778534068558198, 29.728625805762295, -34.47984226719365, 18.380076659154426, 8.6441889024497e-14, -20.212056593652328, -11.976591335791436, 1.1040388915131694, -9.974554817598017, 4.830045186827385, 2.9296193094075917, -24.452937870634962, -2.342422918042742, -3.2126850089223655, -2.09994510610306, 78.36746135096075, -80.27310708294104, 24.285807371248705, -17.60924741787294], [-24.87949687887432, -46.66729566530005, -15.421989989768207, 40.553345747204226, -20.287388258418428, 28.057721067523506, 56.330913100278, -159.36828417304858, 269.9002519381016, -34.06073631483801, 2.79613490864253, -40.5257477101852, 14.286531309341559, 343.0074178114869, -98.88068079321127, -49.40898948171823, 54.29722371192204, -35.808050758508905, -8.780698397143899e-14, 35.301984089250915, 12.728913387286594, -0.6380307468619614, 18.052343186773378, -2.5776325858520357, 0.23510905634305287, 37.94305847237213, -3.8588838175028206, -0.32021901295865074, -0.6663755304085007, -85.89893227402234, 112.14270534633641, -66.29069836571158, 88.11575101334842], [21.52104665367474, 10.35031161565433, 0.6399781078026326, -44.996499161727634, 3.4672044467742196, -12.40067014372329, 8.522274374299052, -2.5009208019501226, -34.060736314838124, 58.68690545957148, -9.983666988709329, 25.735555035482463, 11.813050025934452, -15.472667828360782, 5.32110591224946, 3.9049439822444665, -3.640617694384743, 5.73537204348862, 2.3684991817482442e-15, 10.674154609885779, 7.166561966124898, -1.831188222397079, -1.2835931888324295, -2.7081059171150326, -10.791332195214215, -0.6853553482961938, 15.598885956338707, -7.27817566826222, -7.0693899041560915, -14.877195335219675, 16.030925254872297, -10.627743475757068, 71.57070316272359], [24.22023382779329, -8.706848848477998, -7.598068941405405, 1.9612641268626962, 11.405660253980205, -5.091199728357118, 0.9369058169523631, -7.817272016847516, 2.7961349086426166, -9.983666988709185, 40.35538747661699, -0.29465148514087497, -5.394722755369938, 3.067565517808714, 62.1358438338248, 5.657708392586058, -7.808338877656812, 7.2251637911709015, -1.616812278663644e-14, -3.087662481449215, -13.095069350241031, 2.6768046172782896, 6.3004747228231865, 6.711411137759737, -2.1521715030432795, -0.042951891715343145, 7.169064260360521, 2.1466641553861567, -3.296558145036169, -10.022361672163088, -17.826708062287395, 33.599688567083454, -49.165672690232284], [33.58967312938594, 14.849823259726517, 13.833532476557465, -10.220465165773165, 66.38483634998778, 17.820162316429975, 19.388053506142928, 33.91522171944626, -40.52574771018481, 25.735555035482694, -0.29465148514076145, 135.4440953647445, -1.3717804012461678, 6.106185863762843, -56.99976807211421, 16.363066483464333, -27.716220745781023, 0.43727892440927446, 1.0847539636083317e-13, -0.32511107594663996, -1.9842237547966528, -2.054569623848214, 7.926416284968232, 10.120960505649059, -8.249878886801786, 0.9354303079750014, -13.103160214139097, -11.218835733337917, -13.111503310484833, 83.47544292274924, -112.61473153285993, 56.946265811540854, 140.8013315330924], [-29.454888178058013, -1.3447506359938233, 9.928773353647914, 11.24337908726112, -18.348017863459226, 4.805871688059345, 13.668943941801018, -6.9148772581330995, 14.28653130934131, 11.813050025934203, -5.394722755370066, -1.3717804012461243, 70.19749897754375, 28.25797204942606, -15.786376263091311, -15.293344181183851, 15.828795198452141, 4.254201343636517, -4.660138554130348e-14, 18.71141324601044, 2.22689416796876, 4.136626634548081, 10.554719041623839, -5.606020128233774, 1.151019040038384, 6.539947114869601, 7.749449072217344, -2.8684533456568317, 5.7693627992541785, -68.31429891994797, 86.05569144840084, -48.126443404955836, 5.4823145149622095], [-47.348401412725465, -60.444370562817866, -60.77511709345517, 33.399236850826, -75.99501433186585, 66.98798733405323, 58.81910414024634, -234.3779728578136, 343.00741781148685, -15.472667828360784, 3.0675655178087666, 6.106185863762547, 28.257972049425984, 613.7789522770046, -240.25391587655068, -44.10257200454541, 75.47183611855158, -41.01778434683701, -1.4784506407073487e-13, 36.410413663380176, 35.27428043377904, -1.6827789962050428, 17.113704244729373, -5.547934421549828, 3.0458852751376755, 36.9639467732674, -29.330102065695137, -0.0460452167763987, -2.4345425005857715, -195.81629054637824, 129.11852922266974, -17.061272795302287, 249.47287568726313], [300.41163790822657, 2.2356203162634376, -22.12334850345609, 42.808894854867205, 145.15415269563175, -219.095967527949, -89.36656048928435, -19.778534068557406, -98.88068079321128, 5.321105912249251, 62.135843833825014, -56.99976807211463, -15.786376263091144, -240.2539158765514, 934.2992480679429, 12.31503504675989, -72.6225518587407, 26.384901934439757, -4.042074